# MATLAB学习

## P2

普通加减计算（类似Python等一般计算语言）

保留变量名（很多变量名不能用，类比Python）

语句末尾加分号：不显示结果

**clc**：清除写代码的地方（但变量们还在）

**clear**：清除变量们（但曾经写过的代码还在）

**行向量**：a=[1 2 3 4]

**列向量**：b=[1;2;3;4]

**输入一个矩阵**：

```matlab
>> A=[1 2 3;4 5 6;7 8 9]

A =

     1     2     3
     4     5     6
     7     8     9

```

**索引（index）**

索引是从1开始的，跟Python不一样！！！

**: （类似切片）**

: 类似于Python中的range函数，但细节上不一样。~~（Python选手落泪）~~

回顾一下range函数：range（start，stop，step）且不包含stop

： 函数 	start：step：stop 包含stop

```matlab

>> a=[1:5;1:2:10;-2:0.5:0]

a =

    1.0000    2.0000    3.0000    4.0000    5.0000
    1.0000    3.0000    5.0000    7.0000    9.0000
   -2.0000   -1.5000   -1.0000   -0.5000         0
```

**矩阵拼接**

```matlab
>> a=[1 2;3 4];b=[5 6;7 8]
>> [a b]

ans =

     1     2     5     6
     3     4     7     8
```

### **矩阵乘法**

a,b为矩阵

a*b为矩阵运算

a.*b为对应位置上元素相乘

a/b 为a乘b的逆

a./b为对应位置上元素相除

a^2 矩阵a的2次方

a‘ a的转置

```matlab
>> a=[1 2 3;4 5 6;7 8 9]
>> b=a
>> a*b
ans =

    30    36    42
    66    81    96
   102   126   150
>> a.*b

ans =

     1     4     9
    16    25    36
    49    64    81
>> a/b
ans =

     1     0     0
     0     1     0
     0     0     1
>> a./b

ans =

     1     1     1
     1     1     1
     1     1     1

>> a^2

ans =

    30    36    42
    66    81    96
   102   126   150
>> a'

ans =

     1     4     7
     2     5     8
     3     6     9

```

### 一些特殊矩阵

**eye(n)**  n阶单位矩阵

**zeros(m,n)**   mxn的零矩阵

**diag([1 2 3])** 对角矩阵

**ones(m,n)**   mxn的1矩阵

### 一些内置函数

与Python不同的是，MATLAB的矩阵函数都是针对一列进行操作的。看起来十分不人性化，估计是专为矩阵操作而生的。

```matlab 
>> a=[1 2 3;4 5 6;7 8 9]
a =
     1     2     3
     4     5     6
     7     8     9
>> max(a)
ans =
     7     8     9
>> max(max(a))
ans =
     9
>> sum(a)
ans =
    12    15    18
>> sort(a)
ans =
	 1     2     3
     4     5     6
     7     8     9
>> size(a)
ans =
     3     3

```

